0 0.663597650785785
1 1.1804080208621
2 1.58290034177696
3 1.89636167648567
4 2.14048560941943
5 2.33060951955472
6 2.47867816964868
7 2.59399415029019
8 2.68380232631445
9 2.75374500412837
10 2.80821641637998
11 2.85063879489655
12 2.88367737650503
13 2.9094078497333
14 2.92944676243231
15 2.94505308333423
16 2.95720729827354
17 2.96667301038594
18 2.97404491439144
19 2.97978615900371
20 2.98425744480359
21 2.98773968568594
22 2.99045165761201
23 2.99256374347176
24 2.99420863759331
25 2.9954896824233
26 2.99648736114011
27 2.99726435410609
28 2.99786947683651
29 2.99834074689289
30 2.99870777238191
31 2.99899361212024
32 2.99921622433237
33 2.99938959489757
34 2.9995246160296
35 2.99962977059304
36 2.99971166504947
37 2.99977544451636
38 2.9998251160152
39 2.99986380021747
40 2.99989392750458
41 2.99991739065946
42 2.99993566378293
43 2.99994989490587
44 2.99996097811563
45 2.99996960972814
46 2.99997633203479
47 2.99998156737253
48 2.99998564465772
49 2.99998882005067
50 2.99999129304923
51 2.9999932190225
52 2.99999471897203
53 2.99999588713395
54 2.99999679689942
55 2.99999750542553
56 2.99999805722627
57 2.99999848696917
58 2.99999882165332
59 2.99999908230566
60 2.99999928530195
61 2.99999944339567
62 2.99999956651923
63 2.99999966240802
64 2.99999973708633
65 2.99999979524591
66 2.99999984054069
67 2.99999987581634
68 2.9999999032891
69 2.99999992468495
70 2.9999999413481
71 2.99999995432543
72 2.99999996443223
73 2.99999997230347
74 2.99999997843365
75 2.99999998320789
76 2.99999998692612
77 2.99999998982193
78 2.99999999207724
79 2.99999999383371
80 2.9999999952017
81 2.99999999626713
82 2.99999999709692
83 2.9999999977432
84 2.99999999824656
85 2.99999999863862
86 2.99999999894399
87 2.99999999918184
88 2.99999999936711
89 2.99999999951142
90 2.99999999962384
91 2.99999999971141
92 2.99999999977964
93 2.99999999983279
94 2.99999999987419
95 2.99999999990646
96 2.9999999999316
97 2.99999999995119
98 2.99999999996646
99 2.99999999997836
100 2.99999999998764
101 2.99999999999488
102 3.00000000000052
103 3.00000000000492
104 3.00000000000835
105 3.00000000001103
106 3.00000000001313
107 3.00000000001477
108 3.00000000001606
109 3.00000000001709
110 3.0000000000179
111 3.00000000001855
112 3.00000000001906
113 3.00000000001948
114 3.00000000001981
115 3.00000000002008
116 3.0000000000203
117 3.00000000002048
118 3.00000000002061
119 3.00000000002072
120 3.0000000000208
121 3.00000000002087
122 3.00000000002092
123 3.00000000002096
124 3.000000000021
125 3.00000000002103
126 3.00000000002106
127 3.00000000002108
128 3.0000000000211
129 3.00000000002112
130 3.00000000002114
131 3.00000000002116
132 3.00000000002118
133 3.00000000002119
134 3.00000000002121
135 3.00000000002123
136 3.00000000002125
137 3.00000000002127
138 3.0000000000213
139 3.00000000002132
140 3.00000000002133
141 3.00000000002135
142 3.00000000002137
143 3.00000000002137
144 3.00000000002138
145 3.00000000002137
146 3.00000000002136
147 3.00000000002135
148 3.00000000002134
149 3.00000000002132
150 3.0000000000213
151 3.00000000002128
152 3.00000000002126
153 3.00000000002123
154 3.00000000002119
155 3.00000000002116
156 3.00000000002112
157 3.00000000002109
158 3.00000000002105
159 3.00000000002102
160 3.00000000002099
161 3.00000000002097
162 3.00000000002094
163 3.0000000000209
164 3.00000000002086
165 3.0000000000208
166 3.00000000002074
167 3.00000000002066
168 3.00000000002057
169 3.00000000002048
170 3.00000000002038
171 3.00000000002028
172 3.00000000002019
173 3.00000000002011
174 3.00000000002005
175 3.00000000002
176 3.00000000001997
177 3.00000000001995
178 3.00000000001995
179 3.00000000001997
180 3.00000000002
181 3.00000000002005
182 3.00000000002011
183 3.00000000002019
184 3.00000000002027
185 3.00000000002036
186 3.00000000002045
187 3.00000000002055
188 3.00000000002064
189 3.00000000002073
190 3.00000000002081
191 3.00000000002089
192 3.00000000002095
193 3.000000000021
194 3.00000000002104
