0 0.0587515487077023
1 0.110599608464297
2 0.156355360604513
3 0.196734670143682
4 0.232369285740502
5 0.263816723629487
6 0.291568990160736
7 0.316060279414263
8 0.337673766320802
9 0.356747601569872
10 0.373580202097582
11 0.388434919925726
12 0.401544162397827
13 0.413113028274682
14 0.423322516577419
15 0.432332358381552
16 0.440283515866472
17 0.44730038771887
18 0.453492755394439
19 0.458957500687787
20 0.463780121482574
21 0.468036069396306
22 0.471791930247727
23 0.475106465815637
24 0.478031533187815
25 0.480612896083604
26 0.482890940843576
27 0.484901308288191
28 0.486675451331112
29 0.488241127071222
30 0.489622831062312
31 0.490842180554728
32 0.491918252704944
33 0.492867883044459
34 0.493705928877671
35 0.494445501729695
36 0.495098172480833
37 0.49567415239711
38 0.496182452889166
39 0.496631026498979
40 0.497026891320211
41 0.497376240798781
42 0.497684540631529
43 0.497956614278987
44 0.498196718430134
45 0.498408609599809
46 0.498595602900723
47 0.498760623909574
48 0.498906254438736
49 0.499034772929634
50 0.499148190099765
51 0.499248280401096
52 0.499336609781988
53 0.499414560187023
54 0.499483351178011
55 0.499544059014474
56 0.499597633492107
57 0.499644912802666
58 0.499686636647784
59 0.499723457811857
60 0.499755952375094
61 0.499784628726495
62 0.499809935517779
63 0.499832268682696
64 0.499851977631555
65 0.499869370717871
66 0.499884720062667
67 0.4998982658119
68 0.499910219893636
69 0.499920769333736
70 0.499930079181944
71 0.499938295094145
72 0.499945545611209
73 0.499951944170056
74 0.499957590878415
75 0.499962574081047
76 0.499966971741931
77 0.499970852664035
78 0.499974277565768
79 0.499977300030934
80 0.499979967347078
81 0.499982321245308
82 0.499984398553202
83 0.499986231770981
84 0.499987849579988
85 0.499989277291424
86 0.49999053724234
87 0.499991649145117
88 0.499992630395871
89 0.499993496346619
90 0.499994260545467
91 0.499994934948579
92 0.499995530107233
93 0.499996055332896
94 0.499996518842912
95 0.49999692788906
96 0.499997288871014
97 0.499997607436466
98 0.499997888569486
99 0.499998136668501
100 0.499998355615109
101 0.499998548834809
102 0.499998719350591
103 0.499998869830238
104 0.499999002628056
105 0.499999119821717
106 0.499999223244757
107 0.499999314515267
108 0.499999395061208
109 0.49999946614275
110 0.499999528871989
111 0.499999584230348
112 0.499999633083928
113 0.499999676197061
114 0.499999714244269
115 0.499999747820812
116 0.499999777452009
117 0.49999980360145
118 0.499999826678252
119 0.499999847043459
120 0.499999865015692
121 0.499999880876134
122 0.499999894872926
123 0.499999907225053
124 0.499999918125767
125 0.499999927745614
126 0.499999936235099
127 0.499999943727043
128 0.49999995033866
129 0.49999995617339
130 0.49999996132252
131 0.499999965866611
132 0.499999969876755
133 0.499999973415693
134 0.499999976538793
135 0.499999979294918
136 0.499999981727187
137 0.499999983873656
138 0.499999985767905
139 0.499999987439572
140 0.49999998891481
141 0.4999999902167
142 0.499999991365611
143 0.499999992379519
144 0.499999993274287
145 0.499999994063914
146 0.499999994760755
147 0.499999995375713
148 0.49999999591841
149 0.499999996397336
150 0.499999996819985
151 0.499999997192969
152 0.499999997522125
153 0.499999997812603
154 0.499999998068947
155 0.499999998295168
156 0.499999998494806
157 0.499999998670985
158 0.49999999882646
159 0.499999998963665
160 0.499999999084745
161 0.499999999191597
162 0.499999999285891
163 0.499999999369103
164 0.499999999442536
165 0.49999999950734
166 0.499999999564527
167 0.499999999614995
168 0.499999999659532
169 0.499999999698836
170 0.499999999733522
171 0.499999999764132
172 0.499999999791146
173 0.499999999814987
174 0.499999999836027
175 0.499999999854597
176 0.499999999870987
177 0.499999999885453
178 0.499999999898223
179 0.499999999909495
180 0.499999999919447
181 0.499999999928235
182 0.499999999935995
183 0.499999999942848
184 0.499999999948903
185 0.499999999954251
186 0.499999999958977
187 0.499999999963154
188 0.499999999966846
189 0.49999999997011
190 0.499999999972996
191 0.499999999975549
192 0.499999999977808
193 0.499999999979806
194 0.499999999981574
