0 0.0365779316244645
1 0.0713719364730303
2 0.104469017681206
3 0.135951935191513
4 0.165899412696445
5 0.194386334488708
6 0.221483932710958
7 0.247259965473259
8 0.271778886283652
9 0.295102005215498
10 0.317287642214596
11 0.338391272929425
12 0.358465667429163
13 0.377561022156341
14 0.395725085444105
15 0.41300327691191
16 0.429438801038234
17 0.445072755194274
18 0.459944232408784
19 0.474090419121006
20 0.487546688166141
21 0.500346687225858
22 0.51252242296503
23 0.524104341065062
24 0.535121402353956
25 0.545601155223467
26 0.555569804514427
27 0.565052277042502
28 0.574072283928213
29 0.582652379887086
30 0.590814019628192
31 0.598577611502093
32 0.605962568532349
33 0.612987356958189
34 0.619669542409728
35 0.62602583383119
36 0.632072125261976
37 0.637823535580035
38 0.64329444630694
39 0.648498537569179
40 0.653448822305598
41 0.658157678806527
42 0.662636881665952
43 0.666897631224136
44 0.670950581574299
45 0.674805867203406
46 0.678473128333657
47 0.68196153502807
48 0.685279810120412
49 0.688436251026826
50 0.691438750493695
51 0.694294816333619
52 0.697011590198857
53 0.699595865439176
54 0.702054104088766
55 0.704392453024691
56 0.706616759337283
57 0.708732584950914
58 0.710745220531703
59 0.712659698716938
60 0.714480806699291
61 0.71621309819729
62 0.717860904841992
63 0.719428347008313
64 0.720919344118114
65 0.722337624440796
66 0.723686734415914
67 0.724970047521127
68 0.726190772707646
69 0.727351962424285
70 0.728456520250174
71 0.729507208155215
72 0.730506653406451
73 0.731457355137597
74 0.732361690598181
75 0.733221921097903
76 0.734040197661085
77 0.734818566405359
78 0.735558973658019
79 0.736263270822859
80 0.736933219009644
81 0.737570493437802
82 0.738176687625343
83 0.738753317373491
84 0.739301824556967
85 0.739823580729436
86 0.740319890553099
87 0.740791995061033
88 0.741241074760416
89 0.741668252584411
90 0.742074596700087
91 0.742461123179387
92 0.742828798539844
93 0.743178542161373
94 0.743511228585199
95 0.743827689700673
96 0.74412871682542
97 0.744415062684052
98 0.744687443290365
99 0.744946539737752
100 0.745192999902291
101 0.745427440062767
102 0.745650446441697
103 0.745862576671185
104 0.7460643611873
105 0.746256304556436
106 0.746438886736995
107 0.746612564279531
108 0.746777771468366
109 0.746934921407523
110 0.747084407053708
111 0.7472266021989
112 0.747361862405028
113 0.747490525893061
114 0.747612914388737
115 0.747729333927046
116 0.747840075617473
117 0.747945416371925
118 0.748045619597158
119 0.748140935853429
120 0.748231603481026
121 0.748317849196245
122 0.748399888658298
123 0.748477927008572
124 0.748552159383592
125 0.74862277140296
126 0.748689939633507
127 0.748753832030794
128 0.748814608359094
129 0.748872420590885
130 0.74892741328686
131 0.748979723957403
132 0.749029483406437
133 0.749076816058504
134 0.749121840269889
135 0.749164668624574
136 0.749205408215753
137 0.749244160913625
138 0.749281023620122
139 0.749316088511209
140 0.749349443267379
141 0.749381171292895
142 0.749411351924347
143 0.749440060629033
144 0.74946736919367
145 0.749493345903893
146 0.749518055715009
147 0.749541560414416
148 0.749563918776107
149 0.749585186707631
150 0.749605417389895
151 0.749624661410142
152 0.749642966888446
153 0.749660379598038
154 0.749676943079762
155 0.74969269875095
156 0.749707686008985
157 0.749721942329821
158 0.749735503361685
159 0.74974840301422
160 0.749760673543277
161 0.74977234563157
162 0.7497834484654
163 0.749794009807634
164 0.749804056067128
165 0.749813612364764
166 0.749822702596264
167 0.74983134949194
168 0.749839574673536
169 0.749847398708289
170 0.749854841160363
171 0.749861920639763
172 0.749868654848878
173 0.749875060626736
174 0.749881153991121
175 0.749886950178617
176 0.749892463682714
177 0.749897708290043
178 0.749902697114855
179 0.749907442631812
180 0.749911956707177
181 0.74991625062849
182 0.749920335132791
183 0.749924220433468
184 0.749927916245797
185 0.749931431811232
186 0.749934775920518
187 0.74993795693567
188 0.749940982810881
189 0.749943861112417
190 0.749946599037529
191 0.749949203432456
192 0.749951680809543
193 0.749954037363523
194 0.749956278987009
