0 0.383795687773465
1 0.708671723565527
2 0.983673350718416
3 1.21645720241852
4 1.4135044787323
5 1.58030139707138
6 1.72149194021349
7 1.84100715471066
8 1.94217459962889
9 2.02781099290605
10 2.10030063480072
11 2.16166179190841
12 2.21360289001822
13 2.25757008033893
14 2.2947875034402
15 2.32629137194295
16 2.35295882089389
17 2.37553232908033
18 2.39464039122683
19 2.41081501663192
20 2.4245065414443
21 2.43609616698388
22 2.44590657320147
23 2.45421090277842
24 2.4612403660028
25 2.46719067815804
26 2.47222750865486
27 2.47649109362181
28 2.48010014037887
29 2.48315513250301
30 2.4857411275058
31 2.48793012501635
32 2.48978307140488
33 2.49135155666
34 2.49267925076424
35 2.49380311955976
36 2.49475445395636
37 2.49555974113737
38 2.4962414020194
39 2.49681841549864
40 2.49730684686385
41 2.49772029508839
42 2.49807027145467
43 2.49836652005288
44 2.49861728907732
45 2.49882956047369
46 2.49900924433146
47 2.49916134343333
48 2.49929009254346
49 2.49939907631229
50 2.49949132908094
51 2.49956941936369
52 2.49963552136095
53 2.49969147549364
54 2.49973883964441
55 2.49977893253247
56 2.49981287042954
57 2.49984159823921
58 2.49986591580512
59 2.49988650018028
60 2.49990392447769
61 2.49991867382704
62 2.49993115888175
63 2.49994172725242
64 2.49995067318508
65 2.49995824575361
66 2.49996465579452
67 2.49997008177703
68 2.49997467477209
69 2.4999785626585
70 2.49998185368333
71 2.49998463947573
72 2.49998699759811
73 2.49998899370565
74 2.49999068337422
75 2.49999211364782
76 2.4999933243483
77 2.49999434918416
78 2.49999521668901
79 2.49999595101604
80 2.49999657261047
81 2.49999709877882
82 2.49999754417073
83 2.49999792118687
84 2.49999824032416
85 2.49999851046807
86 2.49999873913997
87 2.49999893270658
88 2.49999909655719
89 2.49999923525377
90 2.4999993526579
91 2.49999945203838
92 2.49999953616215
93 2.49999960737141
94 2.49999966764876
95 2.49999971867246
96 2.4999997618631
97 2.49999979842321
98 2.49999982937068
99 2.49999985556717
100 2.49999987774204
101 2.49999989651267
102 2.49999991240168
103 2.49999992585146
104 2.49999993723646
105 2.49999994687367
106 2.49999995503141
107 2.4999999619368
108 2.49999996778211
109 2.49999997273007
110 2.49999997691845
111 2.49999998046384
112 2.49999998346497
113 2.49999998600538
114 2.49999998815581
115 2.49999998997612
116 2.499999991517
117 2.49999999282134
118 2.49999999392547
119 2.4999999948601
120 2.49999999565127
121 2.499999996321
122 2.49999999688793
123 2.49999999736785
124 2.49999999777409
125 2.49999999811799
126 2.4999999984091
127 2.49999999865554
128 2.49999999886416
129 2.49999999904076
130 2.49999999919028
131 2.49999999931685
132 2.49999999942401
133 2.49999999951474
134 2.49999999959155
135 2.49999999965658
136 2.49999999971165
137 2.49999999975826
138 2.49999999979773
139 2.49999999983114
140 2.49999999985942
141 2.49999999988336
142 2.49999999990361
143 2.49999999992075
144 2.49999999993525
145 2.49999999994751
146 2.49999999995787
147 2.49999999996664
148 2.49999999997404
149 2.49999999998029
150 2.49999999998556
151 2.49999999999001
152 2.49999999999376
153 2.49999999999692
154 2.49999999999957
155 2.50000000000181
156 2.50000000000368
157 2.50000000000525
158 2.50000000000656
159 2.50000000000766
160 2.50000000000856
161 2.50000000000931
162 2.50000000000992
163 2.50000000001041
164 2.50000000001081
165 2.50000000001112
166 2.50000000001136
167 2.50000000001155
168 2.50000000001169
169 2.5000000000118
170 2.50000000001187
171 2.50000000001193
172 2.50000000001196
173 2.50000000001199
174 2.500000000012
175 2.50000000001201
176 2.50000000001201
177 2.50000000001201
178 2.500000000012
179 2.50000000001199
180 2.50000000001197
181 2.50000000001195
182 2.50000000001194
183 2.50000000001192
184 2.5000000000119
185 2.50000000001188
186 2.50000000001186
187 2.50000000001185
188 2.50000000001183
189 2.50000000001183
190 2.50000000001183
191 2.50000000001183
192 2.50000000001185
193 2.50000000001186
194 2.50000000001189
