0 0.119933378056015
1 0.230277412664079
2 0.331798825392893
3 0.425203034139316
4 0.511139054699332
5 0.590204010431045
6 0.662947281344919
7 0.729874321451094
8 0.791450170888451
9 0.848102687239344
10 0.900225518482675
11 0.948180838242765
12 0.992301862339797
13 1.03289516412799
14 1.07024280470958
15 1.10460429282625
16 1.13621838804634
17 1.16530475977714
18 1.19206551362989
19 1.21668659574338
20 1.23933908482402
21 1.26018038088011
22 1.27935529891014
23 1.29699707514464
24 1.31322829283332
25 1.32816173401042
26 1.34190116315659
27 1.35454204820272
28 1.36617222388537
29 1.37687250206335
30 1.38671723323597
31 1.39577482316487
32 1.40410820818895
33 1.4117752925353
34 1.41882935066466
35 1.42531939744703
36 1.43129052873983
37 1.43678423473479
38 1.44183868825105
39 1.44648900997769
40 1.4507675125085
41 1.45470392486494
42 1.45832559906715
43 1.46165770018848
44 1.46472338121414
45 1.46754394391881
46 1.47013898688134
47 1.47252654166473
48 1.47472319810778
49 1.47674421959906
50 1.47860364913394
51 1.48031440689188
52 1.48188838001184
53 1.48333650518961
54 1.48466884467108
55 1.48589465616938
56 1.48702245719176
57 1.48806008422319
58 1.48901474717792
59 1.48989307949725
60 1.49070118424182
61 1.49144467649848
62 1.49212872239653
63 1.49275807500437
64 1.49333710735602
65 1.49386984283704
66 1.49435998314081
67 1.49481093398967
68 1.49522582879943
69 1.49560755045179
70 1.49595875132598
71 1.49628187172869
72 1.49657915685044
73 1.49685267236626
74 1.49710431878889
75 1.49733584467449
76 1.49754885877236
77 1.49774484120334
78 1.49792515374432
79 1.49809104929053
80 1.49824368056122
81 1.49838410810931
82 1.49851330769058
83 1.49863217704369
84 1.49874154212808
85 1.49884216286313
86 1.49893473840839
87 1.49901991202174
88 1.49909827552897
89 1.4991703734361
90 1.49923670671285
91 1.49929773627363
92 1.49935388618014
93 1.499405546588
94 1.49945307645771
95 1.49949680604885
96 1.49953703921494
97 1.49957405551468
98 1.4996081121545
99 1.49963944577574
100 1.49966827409896
101 1.49969479743672
102 1.49971920008548
103 1.49974165160617
104 1.49976230800238
105 1.49978131280434
106 1.49979879806623
107 1.49981488528378
108 1.49982968623843
109 1.49984330377409
110 1.49985583251171
111 1.49986735950679
112 1.49987796485422
113 1.49988772224489
114 1.49989669947768
115 1.49990495893057
116 1.49991255799407
117 1.49991954946999
118 1.49992598193837
119 1.49993190009497
120 1.4999373450619
121 1.49994235467331
122 1.49994696373831
123 1.49995120428282
124 1.49995510577211
125 1.49995869531554
126 1.49996199785492
127 1.49996503633784
128 1.49996783187707
129 1.49997040389733
130 1.4999727702702
131 1.49997494743835
132 1.49997695052974
133 1.4999787934628
134 1.49998048904306
135 1.49998204905221
136 1.49998348432993
137 1.49998480484918
138 1.49998601978555
139 1.49998713758097
140 1.49998816600241
141 1.49998911219581
142 1.49998998273578
143 1.49999078367121
144 1.49999152056738
145 1.49999219854459
146 1.49999282231374
147 1.49999339620906
148 1.49999392421825
149 1.49999441001016
150 1.4999948569603
151 1.49999526817428
152 1.49999564650942
153 1.49999599459455
154 1.49999631484834
155 1.49999660949606
156 1.49999688058506
157 1.49999712999898
158 1.49999735947087
159 1.49999757059521
160 1.49999776483898
161 1.49999794355188
162 1.49999810797569
163 1.4999982592529
164 1.49999839843465
165 1.49999852648804
166 1.49999864430285
167 1.49999875269771
168 1.49999885242579
169 1.49999894418005
170 1.49999902859804
171 1.49999910626634
172 1.49999917772462
173 1.49999924346941
174 1.49999930395754
175 1.49999935960929
176 1.49999941081137
177 1.49999945791955
178 1.49999950126117
179 1.49999954113737
180 1.49999957782525
181 1.49999961157972
182 1.49999964263533
183 1.49999967120786
184 1.49999969749586
185 1.49999972168197
186 1.49999974393427
187 1.49999976440737
188 1.49999978324352
189 1.49999980057361
190 1.49999981651806
191 1.49999983118767
192 1.49999984468435
193 1.4999998571019
194 1.4999998685266
