0 0.210139256082165
1 0.373795873272998
2 0.501251774896036
3 0.60051453088713
4 0.677820442982817
5 0.738026347858983
6 0.784914753722057
7 0.821431480925179
8 0.849870736666161
9 0.872019251307187
10 0.889268531853464
11 0.902702285050297
12 0.913164502559547
13 0.921312485748379
14 0.927658141436254
15 0.932600143055029
16 0.936448977785624
17 0.939446453287674
18 0.941780889555855
19 0.943598950349489
20 0.945014857519185
21 0.946117567131638
22 0.946976358241253
23 0.947645185429849
24 0.948166068567999
25 0.94857173276381
26 0.948887664357101
27 0.949133712129284
28 0.949325334326861
29 0.949474569844318
30 0.949590794582103
31 0.949681310498831
32 0.949751804365587
33 0.949806705044146
34 0.949849461735527
35 0.949882760680183
36 0.949908693924285
37 0.949928890755027
38 0.949944620062554
39 0.949956870059502
40 0.949966410366648
41 0.949973840365255
42 0.949979626853922
43 0.949984133375761
44 0.949987643058436
45 0.949990376401989
46 0.949992505132028
47 0.94999416298859
48 0.949995454128522
49 0.949996459669257
50 0.949997242785115
51 0.949997852676306
52 0.949998327659992
53 0.949998697577608
54 0.949998985669687
55 0.949999210035975
56 0.949999384772569
57 0.94999952085752
58 0.949999626840542
59 0.949999709380161
60 0.94999977366204
61 0.94999982372478
62 0.949999862713643
63 0.949999893078163
64 0.949999916726041
65 0.949999935142992
66 0.949999949486095
67 0.949999960656483
68 0.94999996935596
69 0.949999976131091
70 0.949999981407541
71 0.949999985516818
72 0.9499999887171
73 0.949999991209457
74 0.949999993150483
75 0.949999994662133
76 0.949999995839383
77 0.949999996756206
78 0.949999997470207
79 0.949999998026253
80 0.949999998459283
81 0.949999998796509
82 0.949999999059123
83 0.949999999263631
84 0.949999999422887
85 0.949999999546902
86 0.949999999643472
87 0.94999999971867
88 0.949999999777224
89 0.949999999822815
90 0.94999999985831
91 0.949999999885942
92 0.949999999907449
93 0.949999999924186
94 0.949999999937208
95 0.949999999947337
96 0.949999999955213
97 0.949999999961335
98 0.949999999966092
99 0.949999999969786
100 0.949999999972653
101 0.949999999974876
102 0.949999999976598
103 0.94999999997793
104 0.949999999978959
105 0.949999999979752
106 0.949999999980362
107 0.94999999998083
108 0.949999999981189
109 0.949999999981462
110 0.949999999981668
111 0.949999999981823
112 0.949999999981938
113 0.949999999982023
114 0.949999999982085
115 0.949999999982131
116 0.949999999982163
117 0.949999999982186
118 0.949999999982202
119 0.949999999982211
120 0.949999999982216
121 0.949999999982218
122 0.949999999982218
123 0.949999999982216
124 0.949999999982213
125 0.94999999998221
126 0.949999999982207
127 0.949999999982206
128 0.949999999982206
129 0.949999999982207
130 0.94999999998221
131 0.949999999982212
132 0.949999999982214
133 0.949999999982216
134 0.949999999982216
135 0.949999999982213
136 0.949999999982208
137 0.949999999982201
138 0.949999999982191
139 0.94999999998218
140 0.949999999982167
141 0.949999999982154
142 0.949999999982142
143 0.949999999982132
144 0.949999999982125
145 0.949999999982121
146 0.949999999982121
147 0.949999999982126
148 0.949999999982134
149 0.949999999982146
150 0.949999999982161
151 0.949999999982178
152 0.949999999982196
153 0.949999999982214
154 0.949999999982232
155 0.949999999982252
156 0.949999999982272
157 0.949999999982291
158 0.94999999998231
159 0.949999999982329
160 0.949999999982346
161 0.949999999982363
162 0.949999999982377
163 0.94999999998239
164 0.9499999999824
165 0.949999999982407
166 0.949999999982412
167 0.949999999982415
168 0.949999999982416
169 0.949999999982415
170 0.949999999982412
171 0.949999999982409
172 0.949999999982405
173 0.949999999982402
174 0.949999999982401
175 0.949999999982401
176 0.949999999982404
177 0.949999999982409
178 0.949999999982417
179 0.949999999982429
180 0.949999999982442
181 0.949999999982458
182 0.949999999982475
183 0.949999999982493
184 0.949999999982511
185 0.949999999982527
186 0.949999999982541
187 0.949999999982553
188 0.949999999982562
189 0.949999999982568
190 0.949999999982572
191 0.949999999982573
192 0.949999999982573
193 0.949999999982572
194 0.949999999982569
