0 0.0246900879716674
1 0.0487705754992861
2 0.0722565136714473
3 0.0951625819640407
4 0.117503097415405
5 0.139292023574943
6 0.160542979230794
7 0.18126924692202
8 0.201483781240625
9 0.221199216928598
10 0.240427876775036
11 0.259181779318288
12 0.277472646357935
13 0.295311910281295
14 0.312710721209039
15 0.329679953964374
16 0.346230214870169
17 0.362371848378246
18 0.378114943535004
19 0.393469340287395
20 0.408444635633218
21 0.423050189619553
22 0.43729513119309
23 0.451188363906027
24 0.464738571481072
25 0.477954223239057
26 0.490843579392536
27 0.503414696208689
28 0.51567543104475
29 0.527633447259114
30 0.539296219001179
31 0.55067103588294
32 0.561765007535231
33 0.572585068051473
34 0.583137980321712
35 0.593430340259643
36 0.603468580925271
37 0.613258976545785
38 0.62280764643715
39 0.632120558828885
40 0.641203534594394
41 0.650062250889208
42 0.658702244699385
43 0.667128916302313
44 0.675347532642056
45 0.683363230621364
46 0.691181020312407
47 0.698805788088233
48 0.706242299676909
49 0.713495203140256
50 0.720569031779042
51 0.727468206966438
52 0.734197040911523
53 0.740759739354555
54 0.747160404195695
55 0.753403036058828
56 0.759491536792084
57 0.765429711906617
58 0.77122127295518
59 0.776869839851958
60 0.782378943135139
61 0.787752026173611
62 0.792992447319182
63 0.798103482005657
64 0.803088324796095
65 0.807950091379511
66 0.812691820518284
67 0.817316475947481
68 0.821826948227292
69 0.82622605654972
70 0.830516550500669
71 0.834701111778527
72 0.838782355870312
73 0.842762833686437
74 0.846645033155112
75 0.850431380777383
76 0.854124243143769
77 0.857725928413462
78 0.861238687757
79 0.864664716763322
80 0.868006156812084
81 0.871265096412088
82 0.874443572506673
83 0.877543571746866
84 0.880567031733105
85 0.883515842226303
86 0.88639184632901
87 0.889196841637412
88 0.891932581364887
89 0.894600775437822
90 0.897203091564369
91 0.899741156276819
92 0.902216555948241
93 0.904630837784009
94 0.906985510788864
95 0.909282046710085
96 0.911521880957381
97 0.913706413500072
98 0.915837009742109
99 0.917915001375501
100 0.919941687212664
101 0.921918333998221
102 0.923846177200758
103 0.925726421785035
104 0.927560242965121
105 0.929348786938951
106 0.93109317160473
107 0.932794487259658
108 0.934453797281403
109 0.936072138792744
110 0.937650523309807
111 0.939189937374295
112 0.94069134317011
113 0.942155679124749
114 0.943583860495852
115 0.944976779943265
116 0.946335308086988
117 0.947660294051333
118 0.948952565995658
119 0.950212931631994
120 0.951442178729892
121 0.952641075608802
122 0.953810371618302
123 0.95495079760646
124 0.956063066376643
125 0.957147873133041
126 0.95820589591519
127 0.95923779602177
128 0.960244218423939
129 0.96122579216846
130 0.962183130770876
131 0.963116832598979
132 0.964027481246805
133 0.964915645899403
134 0.965781881688593
135 0.966626730039942
136 0.967450719011173
137 0.968254363622215
138 0.969038166177112
139 0.969802616577975
140 0.97054819263119
141 0.97127536034606
142 0.971984574226077
143 0.972676277553004
144 0.973350902663937
145 0.974008871221533
146 0.974650594477558
147 0.975276473529939
148 0.975886899573458
149 0.976482254144263
150 0.977062909358341
151 0.977629228144103
152 0.978181564469225
153 0.978720263561889
154 0.979245662126565
155 0.97975808855446
156 0.980257863128771
157 0.980745298224877
158 0.98122069850558
159 0.981684361111531
160 0.982136575846951
161 0.982577625360771
162 0.983007785323295
163 0.983427324598503
164 0.9838365054121
165 0.984235583515412
166 0.984624808345245
167 0.985004423179789
168 0.985374665290673
169 0.985735766091269
170 0.986087951281332
171 0.986431440988071
172 0.986766449903734
173 0.987093187419797
174 0.987411857757846
175 0.987722660097215
176 0.988025788699484
177 0.988321433029898
178 0.988609777875786
179 0.988891003462065
180 0.989165285563881
181 0.989432795616476
182 0.989693700822341
183 0.989948164255723
184 0.990196344964551
185 0.990438398069846
186 0.990674474862679
187 0.99090472289873
188 0.991129286090515
189 0.991348304797341
190 0.991561915913027
191 0.991770252951475
192 0.991973446130115
193 0.992171622451298
194 0.992364905781677
