0 0.0536476330492146
1 0.104678840160444
2 0.153221225932436
3 0.19939617161422
4 0.243319138621455
5 0.28509995725011
6 0.324843101309414
7 0.362647949360794
8 0.398609033216043
9 0.432816274316092
10 0.465355208581447
11 0.496307200296544
12 0.525749645562843
13 0.553756165829395
14 0.58039679198481
15 0.605738139470959
16 0.629843574856276
17 0.652773374285185
18 0.674584874199857
19 0.695332614711183
20 0.715068475977454
21 0.733841807931789
22 0.751699553682666
23 0.768686366896145
24 0.784844723453297
25 0.800215027662028
26 0.814835713288892
27 0.828743339663531
28 0.841972683096042
29 0.854556823835862
30 0.866527228789628
31 0.877913830204831
32 0.888745100516026
33 0.899048123540747
34 0.908848662203163
35 0.918171222954803
36 0.927039117053451
37 0.935474518853434
38 0.943498521253055
39 0.95113118843783
40 0.958391606051399
41 0.96529792891958
42 0.971867426446886
43 0.978116525799035
44 0.984060852979419
45 0.989715271902252
46 0.995093921560097
47 1.00021025137871
48 1.00507705484762
49 1.0097065015105
50 1.01411016739538
51 1.01829906396074
52 1.0222836656299
53 1.0260739359825
54 1.0296793526687
55 1.03310893110819
56 1.03637124703345
57 1.03947445793357
58 1.04242632345218
59 1.04523422479065
60 1.04790518316488
61 1.05044587736206
62 1.05286266044106
63 1.05516157561844
64 1.05734837137958
65 1.05942851585294
66 1.06140721048321
67 1.06328940303762
68 1.06507979997794
69 1.06678287822911
70 1.06840289637384
71 1.06994390530134
72 1.07140975833658
73 1.0728041208757
74 1.07413047955133
75 1.07539215095103
76 1.07659228991047
77 1.07773389740219
78 1.07881982803953
79 1.07985279721475
80 1.08083538788881
81 1.08177005705022
82 1.08265914185874
83 1.08350486548947
84 1.08430934269203
85 1.08507458507845
86 1.08580250615329
87 1.08649492609839
88 1.08715357632428
89 1.08778010379961
90 1.0883760751694
91 1.0889429806725
92 1.08948223786796
93 1.08999519517966
94 1.09048313526806
95 1.09094727823754
96 1.09138878468729
97 1.09180875861339
98 1.09220825016943
99 1.09258825829238
100 1.09294973320047
101 1.09329357876927
102 1.09362065479179
103 1.09393177912847
104 1.09422772975219
105 1.09450924669367
106 1.09477703389189
107 1.09503176095435
108 1.09527406483137
109 1.09550455140886
110 1.09572379702332
111 1.09593234990298
112 1.09613073153868
113 1.09631943798783
114 1.09649894111485
115 1.09666968977107
116 1.09683211091706
117 1.09698661069028
118 1.09713357542065
119 1.09727337259654
120 1.0974063517837
121 1.09753284549938
122 1.09765317004374
123 1.09776762629083
124 1.09787650044088
125 1.09798006473596
126 1.09807857814078
127 1.09817228699014
128 1.09826142560499
129 1.0983462168783
130 1.0984268728324
131 1.09850359514921
132 1.09857657567447
133 1.09864599689752
134 1.09871203240757
135 1.0987748473278
136 1.09883459872822
137 1.09889143601845
138 1.09894550132134
139 1.09899692982828
140 1.09904585013735
141 1.09909238457479
142 1.09913664950093
143 1.09917875560115
144 1.09921880816263
145 1.09925690733763
146 1.09929314839393
147 1.09932762195306
148 1.09936041421685
149 1.09939160718307
150 1.09942127885035
151 1.09944950341334
152 1.09947635144814
153 1.09950189008883
154 1.0995261831953
155 1.09954929151298
156 1.09957127282471
157 1.0995921820952
158 1.09961207160853
159 1.09963099109885
160 1.09964898787473
161 1.09966610693749
162 1.09968239109371
163 1.09969788106225
164 1.09971261557611
165 1.09972663147924
166 1.09973996381871
167 1.09975264593231
168 1.09976470953192
169 1.09977618478284
170 1.09978710037917
171 1.09979748361559
172 1.09980736045559
173 1.09981675559643
174 1.09982569253084
175 1.09983419360582
176 1.09984228007848
177 1.09984997216922
178 1.09985728911227
179 1.0998642492038
180 1.09987086984766
181 1.0998771675989
182 1.09988315820519
183 1.09988885664617
184 1.0998942771709
185 1.09989943333351
186 1.09990433802711
187 1.09990900351598
188 1.09991344146627
189 1.09991766297518
190 1.09992167859866
191 1.09992549837788
192 1.09992913186426
193 1.09993258814343
194 1.09993587585787
