0 0.0614073100437544
1 0.113387475770484
2 0.157387736114946
3 0.194633152386962
4 0.226160716597166
5 0.252848223531418
6 0.275438710434151
7 0.294561144753692
8 0.3107479359406
9 0.324449758864933
10 0.336048101568062
11 0.345865886705271
12 0.354176462402812
13 0.361211212854091
14 0.367166000550254
15 0.372206619510646
16 0.376473411342742
17 0.38008517265251
18 0.383142462595881
19 0.385730402660621
20 0.387921046630519
21 0.389775386716762
22 0.391345051711482
23 0.392673744443695
24 0.39379845855949
25 0.394750508504218
26 0.395556401383594
27 0.396238574978185
28 0.39681602245919
29 0.397304821198925
30 0.39771858039924
31 0.398068820000792
32 0.398365291422819
33 0.398616249063498
34 0.398828680120033
35 0.399008499127171
36 0.399160712630481
37 0.399289558579295
38 0.399398624320274
39 0.399490946476805
40 0.399569095495093
41 0.399635247210873
42 0.399691243429334
43 0.399738643204906
44 0.399778766248675
45 0.399812729671956
46 0.399841479089062
47 0.399865814945228
48 0.399886414802716
49 0.3999038522056
50 0.399918612648456
51 0.399931107093571
52 0.399941683413009
53 0.399950636074117
54 0.399958214338121
55 0.399964629200094
56 0.399970059263509
57 0.399974655712944
58 0.399978546523379
59 0.399981840023296
60 0.399984627910776
61 0.39998698780657
62 0.399988985415222
63 0.39999067635443
64 0.399992107703559
65 0.399993319314429
66 0.39999434492088
67 0.399995213077989
68 0.399995947957107
69 0.399996570018842
70 0.399997096582724
71 0.399997542309419
72 0.399997919608913
73 0.399998238986031
74 0.399998509332918
75 0.39999873817661
76 0.399998931888605
77 0.399999095862262
78 0.399999234662959
79 0.399999352155206
80 0.399999451610239
81 0.399999535797101
82 0.399999607059736
83 0.399999667382249
84 0.399999718444149
85 0.399999761667109
86 0.399999798254551
87 0.399999829225146
88 0.399999855441185
89 0.399999877632579
90 0.399999896417184
91 0.399999912318006
92 0.399999925777757
93 0.399999937171187
94 0.399999946815514
95 0.399999954979257
96 0.399999961889714
97 0.399999967739288
98 0.399999972690842
99 0.39999997688224
100 0.399999980430179
101 0.399999983433442
102 0.399999985975648
103 0.399999988127576
104 0.399999989949141
105 0.39999999149106
106 0.399999992796263
107 0.39999999390109
108 0.399999994836303
109 0.39999999562794
110 0.399999996298044
111 0.399999996865271
112 0.399999997345415
113 0.399999997751845
114 0.399999998095877
115 0.399999998387091
116 0.399999998633595
117 0.399999998842253
118 0.399999999018876
119 0.399999999168381
120 0.399999999294932
121 0.399999999402053
122 0.399999999492725
123 0.399999999569475
124 0.39999999963444
125 0.399999999689429
126 0.399999999735974
127 0.399999999775371
128 0.399999999808718
129 0.399999999836943
130 0.399999999860833
131 0.399999999881053
132 0.399999999898167
133 0.399999999912651
134 0.39999999992491
135 0.399999999935285
136 0.399999999944067
137 0.3999999999515
138 0.399999999957792
139 0.399999999963118
140 0.399999999967627
141 0.399999999971444
142 0.399999999974677
143 0.399999999977413
144 0.39999999997973
145 0.399999999981692
146 0.399999999983353
147 0.399999999984759
148 0.399999999985949
149 0.399999999986957
150 0.39999999998781
151 0.399999999988532
152 0.399999999989143
153 0.399999999989661
154 0.399999999990098
155 0.399999999990469
156 0.399999999990783
157 0.399999999991049
158 0.399999999991275
159 0.399999999991466
160 0.399999999991629
161 0.399999999991767
162 0.399999999991885
163 0.399999999991984
164 0.39999999999207
165 0.399999999992142
166 0.399999999992205
167 0.399999999992258
168 0.399999999992304
169 0.399999999992344
170 0.399999999992378
171 0.399999999992407
172 0.399999999992432
173 0.399999999992454
174 0.399999999992472
175 0.399999999992487
176 0.3999999999925
177 0.399999999992511
178 0.39999999999252
179 0.399999999992528
180 0.399999999992534
181 0.39999999999254
182 0.399999999992545
183 0.399999999992549
184 0.399999999992552
185 0.399999999992556
186 0.399999999992559
187 0.399999999992562
188 0.399999999992565
189 0.399999999992568
190 0.399999999992571
191 0.399999999992574
192 0.399999999992577
193 0.399999999992578
194 0.399999999992579
