0 0.00689372202959773
1 0.0133122100249818
2 0.0192882252994611
3 0.0248522706924714
4 0.030032746262487
5 0.0348560942468946
6 0.0393469340287371
7 0.0435281877992248
8 0.0474211975574232
9 0.0510458340443065
10 0.0544205981672009
11 0.0575627154323087
12 0.0604882238673162
13 0.0632120558828621
14 0.0657481144907033
15 0.0681093442676127
16 0.0703077974272222
17 0.0723546953370577
18 0.07426048579476
19 0.0760348963558421
20 0.0776869839851798
21 0.0792251812856661
22 0.0806573395399907
23 0.0819907687852388
24 0.0832322751248588
25 0.0843881954684463
26 0.0854644298766641
27 0.0864664716763933
28 0.0873994354998296
29 0.0882680833906423
30 0.0890768491104472
31 0.0898298607696589
32 0.0905309618982349
33 0.0911837310638614
34 0.0917915001377155
35 0.0923573713010372
36 0.0928842328793147
37 0.0933747740849058
38 0.0938314987433437
39 0.0942567380733891
40 0.0946526625860614
41 0.0950212931633837
42 0.0953645113733899
43 0.095684069074044
44 0.0959815973550913
45 0.0962586148634843
46 0.0965165355548759
47 0.0967566759107465
48 0.0969802616580029
49 0.0971884340253461
50 0.0973822555683427
51 0.0975627155929319
52 0.0977307352050518
53 0.0978871720121574
54 0.0980328245006294
55 0.0981684361114173
56 0.0982946990347179
57 0.0984122577430601
58 0.0985217122808281
59 0.0986236213270139
60 0.098718505046833
61 0.0988068477467569
62 0.0988891003465149
63 0.0989656826806839
64 0.0990369856416117
65 0.0991033731746145
66 0.0991651841356301
67 0.0992227340208096
68 0.0992763165768766
69 0.0993262053004723
70 0.0993726548341394
71 0.0994159022660718
72 0.0994561683402622
73 0.0994936585832261
74 0.0995285643530523
75 0.0995610638161348
76 0.0995913228565716
77 0.0996194959228723
78 0.0996457268162952
79 0.0996701494248398
80 0.0996928884066393
81 0.0997140598262413
82 0.0997337717470265
83 0.0997521247827863
84 0.0997692126112769
85 0.0997851224523706
86 0.099799935513244
87 0.0998137274028768
88 0.0998265685179756
89 0.099838524402294
90 0.0998496560811814
91 0.0998600203730692
92 0.0998696701794838
93 0.0998786547550678
94 0.0998870199589855
95 0.0998948084889979
96 0.099902060099401
97 0.0999088118039402
98 0.0999150980647361
99 0.0999209509681865
100 0.0999264003887423
101 0.0999314741413924
102 0.0999361981236382
103 0.0999405964476791
104 0.0999446915634863
105 0.0999485043733928
106 0.0999520543387827
107 0.0999553595794263
108 0.0999584369659677
109 0.0999613022060351
110 0.0999639699244169
111 0.0999664537377091
112 0.0999687663238173
113 0.0999709194866678
114 0.0999729242164566
115 0.0999747907457466
116 0.099976528601696
117 0.0999781466546873
118 0.0999796531636033
119 0.0999810558179826
120 0.0999823617772684
121 0.0999835777073516
122 0.0999847098145951
123 0.0999857638775126
124 0.0999867452762627
125 0.0999876590201114
126 0.0999885097729993
127 0.0999893018773481
128 0.0999900393762251
129 0.0999907260339797
130 0.0999913653554573
131 0.0999919606038894
132 0.0999925148175492
133 0.0999930308252596
134 0.0999935112608326
135 0.0999939585765124
136 0.0999943750554923
137 0.0999947628235687
138 0.0999951238599915
139 0.0999954600075667
140 0.0999957729820624
141 0.0999960643809662
142 0.0999963356916396
143 0.0999965882989095
144 0.0999968234921364
145 0.0999970424717962
146 0.0999972463556071
147 0.0999974361842349
148 0.0999976129266048
149 0.0999977774848469
150 0.0999979306989013
151 0.0999980733508046
152 0.0999982061686822
153 0.0999983298304645
154 0.0999984449673471
155 0.0999985521670128
156 0.0999986519766315
157 0.0999987449056523
158 0.0999988314284045
159 0.0999989119865186
160 0.0999989869911799
161 0.0999990568252281
162 0.0999991218451109
163 0.0999991823827034
164 0.0999992387470021
165 0.0999992912257024
166 0.0999993400866666
167 0.0999993855792914
168 0.0999994279357808
169 0.0999994673723312
170 0.0999995040902354
171 0.0999995382769091
172 0.0999995701068485
173 0.0999995997425203
174 0.0999996273351911
175 0.0999996530256999
176 0.0999996769451763
177 0.0999996992157106
178 0.0999997199509763
179 0.0999997392568105
180 0.0999997572317544
181 0.0999997739675558
182 0.099999789549638
183 0.0999998040575349
184 0.0999998175652981
185 0.0999998301418739
186 0.0999998418514558
187 0.0999998527538119
188 0.0999998629045901
189 0.099999872355602
190 0.0999998811550875
191 0.0999998893479611
192 0.0999998969760409
193 0.0999999040782622
194 0.0999999106908762
