0 0.0333069036874142
1 0.0634442364227064
2 0.0907136227613988
3 0.115387983887526
4 0.137714269100578
5 0.15791592736709
6 0.176195143673005
7 0.19273486255897
8 0.207700619090786
9 0.22124219558999
10 0.233495120705664
11 0.244582025830718
12 0.254613872438081
13 0.263691062620418
14 0.271904443948023
15 0.279336218701836
16 0.286060766581498
17 0.292145389122389
18 0.297650983272009
19 0.302632650867102
20 0.307140250111355
21 0.311218894573063
22 0.314909404696878
23 0.318248716348541
24 0.321270250481444
25 0.324004247624762
26 0.326478070540833
27 0.328716478080882
28 0.330741872979925
29 0.332574526070869
30 0.334232779161827
31 0.335733228607092
32 0.33709089140903
33 0.338319355513291
34 0.339430915801532
35 0.340436697142727
36 0.341346765734595
37 0.342170229849488
38 0.342915330993044
39 0.343589526387948
40 0.344199563608315
41 0.34475154811169
42 0.345251004344511
43 0.34570293103263
44 0.346111851210241
45 0.346481857487924
46 0.346816653012871
47 0.347119588531226
48 0.347393695923477
49 0.347641718548537
50 0.347866138700204
51 0.348069202450785
52 0.348252942130551
53 0.348419196667974
54 0.348569629994345
55 0.34870574769696
56 0.348828912087535
57 0.348940355836692
58 0.349041194310928
59 0.349132436735589
60 0.34921499629553
61 0.349289699274575
62 0.349357293325249
63 0.34941845495153
64 0.349473796279533
65 0.349523871183871
66 0.349569180831016
67 0.349610178695147
68 0.349647275096668
69 0.349680841308835
70 0.349711213273581
71 0.349738694963739
72 0.349763561425301
73 0.349786061530172
74 0.349806420466966
75 0.349824841994765
76 0.349841510482412
77 0.349856592753734
78 0.349870239757172
79 0.349882588076524
80 0.349893761297922
81 0.34990387124672
82 0.349913019106685
83 0.349921296432675
84 0.34992878606695
85 0.349935562968289
86 0.349941694962197
87 0.34994724341973
88 0.349952263871718
89 0.349956806564532
90 0.349960916962966
91 0.349964636205271
92 0.349968001514873
93 0.349971046572922
94 0.349973801855384
95 0.34997629493805
96 0.34997855077253
97 0.349980591935974
98 0.349982438857032
99 0.349984110020311
100 0.349985622151375
101 0.34998699038414
102 0.349988228412339
103 0.349989348626575
104 0.349990362238329
105 0.349991279392168
106 0.349992109267277
107 0.349992860169325
108 0.349993539613591
109 0.349994154400183
110 0.349994710682092
111 0.349995214026774
112 0.349995669471873
113 0.349996081575636
114 0.349996454462538
115 0.349996791864556
116 0.349997097158523
117 0.349997373399925
118 0.349997623353479
119 0.349997849520804
120 0.349998054165458
121 0.349998239335595
122 0.34999840688446
123 0.349998558488939
124 0.349998695666341
125 0.349998819789584
126 0.349998932100936
127 0.349999033724447
128 0.3499991256772
129 0.34999920887949
130 0.349999284164032
131 0.349999352284301
132 0.349999413922066
133 0.349999469694221
134 0.349999520158952
135 0.349999565821327
136 0.34999960713835
137 0.349999644523538
138 0.349999678351053
139 0.349999708959453
140 0.349999736655077
141 0.349999761715113
142 0.349999784390371
143 0.349999804907791
144 0.34999982347272
145 0.349999840270963
146 0.349999855470642
147 0.349999869223881
148 0.349999881668326
149 0.349999892928527
150 0.349999903117179
151 0.349999912336252
152 0.349999920678015
153 0.349999928225955
154 0.349999935055613
155 0.349999941235344
156 0.349999946826995
157 0.349999951886531
158 0.349999956464589
159 0.349999960606988
160 0.349999964355187
161 0.349999967746698
162 0.349999970815465
163 0.349999973592202
164 0.349999976104698
165 0.349999978378099
166 0.349999980435158
167 0.349999982296462
168 0.34999998398064
169 0.349999985504548
170 0.349999986883436
171 0.349999988131106
172 0.349999989260044
173 0.349999990281549
174 0.349999991205845
175 0.349999992042182
176 0.349999992798931
177 0.349999993483665
178 0.349999994103237
179 0.349999994663849
180 0.349999995171111
181 0.349999995630101
182 0.349999996045411
183 0.349999996421199
184 0.349999996761226
185 0.349999997068896
186 0.349999997347287
187 0.349999997599185
188 0.349999997827113
189 0.34999999803335
190 0.349999998219962
191 0.349999998388816
192 0.349999998541603
193 0.349999998679851
194 0.349999998804944
