0 0.148611460506395
1 0.289191878760483
2 0.422175256550811
3 0.547972141978776
4 0.666970896908338
5 0.779538895922068
6 0.886023660484989
7 0.986753931817585
8 1.08204068579019
9 1.17217809297196
10 1.25744442679824
11 1.33810292266016
12 1.4144025905685
13 1.48657898390081
14 1.55485492660503
15 1.61944120110459
16 1.68053719902883
17 1.73833153677755
18 1.79300263782011
19 1.84471928352684
20 1.89364113423318
21 1.93991922214524
22 1.98369641760851
23 2.02510787017913
24 2.06428142585944
25 2.10133802178594
26 2.13639205958801
27 2.16955175857025
28 2.20091948980855
29 2.2305920921915
30 2.25866117138271
31 2.28521338262708
32 2.31033069827406
33 2.33409066084379
34 2.35656662241745
35 2.37782797109079
36 2.39794034519001
37 2.41696583591131
38 2.43496317900968
39 2.45198793612868
40 2.46809266633118
41 2.48332708836037
42 2.49773823413214
43 2.51137059393269
44 2.5242662537695
45 2.53646502529987
46 2.548004568738
47 2.55892050912011
48 2.56924654628653
49 2.57901455892034
50 2.58825470296364
51 2.59699550471541
52 2.60526394889828
53 2.61308556196615
54 2.62048449090977
55 2.6274835778037
56 2.63410443032468
57 2.64036748845908
58 2.64629208760558
59 2.65189651826765
60 2.65719808252023
61 2.66221314742494
62 2.66695719555869
63 2.67144487281174
64 2.67569003360261
65 2.67970578364974
66 2.68350452043155
67 2.68709797146016
68 2.6904972304867
69 2.69371279175009
70 2.69675458237502
71 2.69963199301907
72 2.70235390686372
73 2.7049287270386
74 2.70736440256373
75 2.70966845288989
76 2.71184799111274
77 2.71390974593248
78 2.71586008242675
79 2.71770502170106
80 2.71945025947713
81 2.72110118367689
82 2.72266289105608
83 2.72414020293909
84 2.72553768010334
85 2.72685963685943
86 2.72811015437034
87 2.72929309325081
88 2.73041210548592
89 2.73147064570554
90 2.7324719818495
91 2.73341920525644
92 2.73431524020739
93 2.73516285295372
94 2.73596466025706
95 2.73672313746788
96 2.7374406261674
97 2.73811934139653
98 2.7387613784942
99 2.73936871956612
100 2.73994323960395
101 2.74048671227379
102 2.74100081539191
103 2.74148713610448
104 2.74194717578744
105 2.7423823546816
106 2.74279401627718
107 2.7431834314615
108 2.74355180244242
109 2.74390026645988
110 2.74422989929676
111 2.74454171860005
112 2.74483668702258
113 2.74511571519489
114 2.74537966453657
115 2.74562934991563
116 2.74586554216419
117 2.7460889704582
118 2.74630032456853
119 2.74650025699048
120 2.74668938495817
121 2.74686829235004
122 2.74703753149143
123 2.74719762485973
124 2.74734906669739
125 2.74749232453772
126 2.74762784064826
127 2.74775603339623
128 2.74787729854
129 2.74799201045101
130 2.74810052326943
131 2.7482031719975
132 2.7483002735338
133 2.74839212765151
134 2.74847901792392
135 2.74856121259987
136 2.74863896543188
137 2.74871251645956
138 2.74878209275064
139 2.74884790910201
140 2.74891016870279
141 2.74896906376168
142 2.74902477610032
143 2.74907747771458
144 2.74912733130561
145 2.74917449078212
146 2.74921910173546
147 2.7492613018892
148 2.74930122152422
149 2.74933898388096
150 2.74937470553989
151 2.7494084967814
152 2.74944046192628
153 2.74947069965775
154 2.74949930332615
155 2.74952636123712
156 2.74955195692421
157 2.74957616940677
158 2.74959907343391
159 2.74962073971525
160 2.74964123513925
161 2.74966062297965
162 2.74967896309085
163 2.74969631209271
164 2.7497127235453
165 2.74972824811427
166 2.74974293372728
167 2.74975682572196
168 2.74976996698587
169 2.7497823980889
170 2.74979415740851
171 2.74980528124824
172 2.74981580394976
173 2.74982575799891
174 2.74983517412595
175 2.74984408140048
176 2.74985250732117
177 2.74986047790063
178 2.74986801774575
179 2.74987515013363
180 2.74988189708349
181 2.74988827942459
182 2.74989431686059
183 2.74990002803034
184 2.74990543056545
185 2.7499105411447
186 2.74991537554553
187 2.74991994869278
188 2.74992427470473
189 2.74992836693671
190 2.7499322380223
191 2.74993589991239
192 2.74993936391199
193 2.74994264071523
194 2.74994574043828
